data: 0.22798601643117916
gemma2_9b_logging_file_domain: 0.32532809695602877
llama3.1_8b_logging_file_domain: 0.30506098759460065
llama3.1_8b_logging_file_mmlu: 0.16051310009260972
phi3.5_mini_logging_file_domain: 0.30048637895870955
phi3.5_mini_logging_file_mmlu: 0.14456343356395762
qwen2_7b_logging_file_domain: 0.24018614185513423
qwen2_7b_logging_file_mmlu: 0.1424757001986727
vistral_7b_mini_logging_file_domain: 0.3957645473537651
vistral_7b_mini_logging_file_mmlu: 0.12285720021091402
